996
305
442
271
431
272
295
276
295
272
245
352
222
271
216
316
450
438
294
290
293
272
292
362
295
307
292
344
291
378
271
306
206
466
272
441
291
306
295
415
295
412
295
411
276
441
290
358
389
349
408
365
423
436
441
432
301
446
385
272
358
272
311
358
331
319
346
469
337
469
382
290
381
446
392
321
379
569
324
369
412
409
357
543
328
405
347
271
447
375
359
476
317
473
338
570
358
295
362
272
420
384
432
445
452
338
333
374
439
457
473
393
456
510
436
448
313
443
316
383
387
367
360
443
344
391
417
363
303
518
438
431
349
295
319
413
420
343
312
314
449
464
410
295
480
276
303
480
420
372
452
456
390
570
471
397
384
295
333
434
427
295
318
437
371
558
370
406
364
478
351
321
323
369
388
455
394
507
343
319
342
425
380
295
355
443
346
295
375
353
315
295
471
475
369
600
343
312
335
438
315
367
480
442
417
431
368
276
426
272
345
276
318
537
371
458
370
406
364
478
351
321
323
369
388
455
394
272
343
319
342
425
380
295
355
443
346
598
375
353
315
295
471
475
369
271
343
512
335
438
315
367
480
442
417
431
368
276
426
272
345
352
302
271
406
316
331
538
295
290
454
272
379
362
478
307
452
344
319
378
469
306
306
466
363
441
409
306
347
415
317
412
443
411
376
441
473
558
389
349
408
565
423
436
441
432
301
446
385
272
358
272
311
358
331
519
346
469
337
469
382
290
381
446
392
321
379
369
324
369
412
409
357
343
328
405
347
271
447
575
359
476
317
473
338
370
358
295
362
272
420
384
432
445
452
338
333
574
439
457
473
393
456
410
436
448
313
443
316
383
387
367
360
443
344
391
417
363
303
318
438
431
349
295
319
413
420
543
312
314
449
464
410
295
480
276
303
480
420
372
452
456
390
470
471
397
384
295
333
534
427
295
318
537
371
458
370
406
364
578
351
321
323
369
388
455
394
272
543
319
290
454
272
379
362
478
307
271
344
319
378
469
306
306
466
293
441
409
306
347
415
317
412
443
411
376
441
293
558
389
349
408
565
293
436
441
432
301
446
220
272
358
272
311
358
331
519
271
469
337
469
271
290
381
446
392
321
379
369
220
369
412
409
357
343
220
405
220
271
447
575
359
476
220
473
338
370
358
220
272
420
384
432
445
452
220
333
574
439
220
473
393
456
410
436
220
313
443
316
383
387
367
360
443
344
391
417
363
303
318
438
431
349
220
319
413
420
543
312
314
449
464
410
220
480
276
303
480
420
372
452
456
390
470
471
397
384
220
333
534
427
220
318
537
371
458
370
406
364
578
351
321
323
369
388
455
394
272
543
319
342
425
380
598
355
443
346
598
375
353
315
220
471
475
369
271
220
375
353
315
220
471
475
369
220
437
220
458
220
406
220
578
220
537
220
558
220
406
220
478
271
521
223
369
288
455
220
507
220
319
220
600
220
220
271
543
220
598
220
353
295
220
220
475
271
271
220
312
235
438
295
367
220
442
271
431
220
276
220
272
245
352
222
271
216
316
450
438
294
290
293
272
292
362
220
307
292
344
291
378
271
306
206
466
272
441
291
306
220
415
220
412
220
411
276
441
290
358
389
349
408
365
423
436
441
432
301
446
385
272
358
272
311
358
331
319
346
469
337
469
382
290
381
446
392
321
379
569
324
369
412
409
357
543
328
405
347
271
447
375
359
476
317
473
338
570
358
220
362
272
420
384
432
445
452
338
333
374
439
457
473
393
456
510
436
448
313
443
316
383
387
367
360
443
344
391
417
363
303
518
438
431
349
220
319
413
420
343
312
314
449
464
410
220
480
276
303
480
420
372
452
456
390
570
471
397
384
220
333
434
427
220
318
437
371
558
370
406
364
478
351
321
323
369
388
455
394
507
343
319
342
425
380
220
355
443
346
220
375
353
315
220
471
475
369
600
343
312
335
438
315
367
480
442
417
431
368
276
426
272
345
276
318
537
371
458
370
406
364
478
351
321
323
369
388
455
394
272
343
319
342
425
380
220
355
443
346
598
375
353
315
220
471
475
369
271
343
512
335
438
315
367
480
442
417
431
368
276
426
272
345
352
302
271
406
316
331
538
220
290
454
272
379
362
478
307
452
344
319
378
469
306
306
466
363
441
409
306
347
415
317
412
443
411
376
441
473
558
389
349
408
565
423
436
441
432
301
446
385
272
358
272
311
358
331
519
346
469
337
469
382
290
381
446
392
321
379
369
324
369
412
409
357
343
328
405
347
271
447
575
359
476
317
473
338
370
358
220
362
272
420
384
432
445
452
338
333
574
439
457
473
393
456
410
436
448
313
443
316
383
387
367
360
443
344
391
417
363
303
318
438
431
349
220
319
413
420
543
312
314
449
464
410
220
480
276
303
480
420
372
452
456
390
470
471
397
384
220
333
534
427
220
318
537
371
458
370
406
364
578
351
321
323
369
388
455
394
272
543
319
342
425
380
598
355
443
346
598
375
353
315
220
471
475
369
271
220
375
353
315
220
471
475
369
220
437
220
458
220
406
220
578
220
537
220
558
220
406
220
478
271
521
223
369
288
455
220
507
220
319
220
600
220
220
271
543
220
598
220
353
295
220
220
475
271
271
220
312
235
438
295
367
220
442
271
431
272
295
276
295
272
245
352
222
271
216
316
450
438
294
290
293
272
292
362
295
307
292
344
291
378
271
306
206
466
272
441
291
306
295
415
295
412
295
411
276
441
290
358
389
349
408
365
423
436
441
432
301
446
385
272
358
272
311
358
331
319
346
469
337
469
382
290
381
446
392
321
379
569
324
369
412
409
357
543
328
405
347
271
447
375
359
476
317
473
338
570
358
295
362
272
420
384
432
445
452
338
333
374
439
457
473
393
456
510
436
448
313
443
316
383
387
367
360
443
344
391
417
363
303
518
438
431
349
295
319
413
420
343
312
314
449
464
410
295
480
276
303
480
420
372
452
456
390
570
471
397
384
295
333
434
427
295
318
437
371
558
370
406
364
478
351
321
323
369
388
455
394
507
343
319
342
425
380
295
355
443
346
295
375
353
315
295
471
475
369
600
343
312
335
438
315
367
480
442
417
431
368
276
426
272
345
276
318
537
371
458
370
406
364
478
351
321
323
369
388
455
394
272
343
319
342
425
380
295
355
443
346
598
375
353
315
295
471
475
369
271
343
512
335
438
315
367
480
442
417
431
368
276
426
272
345
352
302
271
406
316
331
538
295
290
454
272
379
362
478
307
452
344
319
378
469
306
306
466
363
441
409
306
347
415
317
412
443
411
376
441
473
558
389
349
408
565
423
436
441
432
301
446
385
272
358
272
311
358
331
519
346
469
337
469
382
290
381
446
392
321
379
369
324
369
412
409
357
343
328
405
347
271
447
575
359
476
317
473
338
370
358
295
362
272
420
384
432
445
452
338
333
574
439
457
473
393
456
410
436
448
313
443
316
383
387
367
360
443
344
391
417
363
303
318
438
431
349
295
319
413
420
543
312
314
449
464
410
295
480
276
303
480
420
372
452
456
390
470
471
397
384
295
333
534
427
295
318
537
371
458
370
406
364
578
351
321
323
369
388
455
394
272
543
319
342
425
380
598
355
443
346
598
375
353
315
295
471
475
369
271
295
375
353
315
295
471
475
369
295
437
295
458
295
406
295
578
295
537
295
558
295
406
295
478
271
521
223
369
288
455
295
507
295
319
295
600
295
295
271
543
295
598
295
353
295
295
295
475
271
271
295
312
235
438
295
367
295
442
271
431
295
276
295
272
245
352
222
271
216
316
450
438
294
290
293
272
292
362
295
307
292
344
291
378
271
306
206
466
272
441
291
306
295
415
295
412
295
411
276
441
290
358
389
349
408
365
423
436
441
432
301
446
385
272
358
272
311
358
331
319
346
469
337
469
382
290
381
446
392
321
379
569
324
369
412
409
357
543
328
405
347
271
447
375
359
476
317
473
338
570
358
295
362
272
420
384
432
445
452
338
333
374
439
457
473
393
456
510
436
448
313
443
316
383
387
367
360
443
344
391
417
363
303
518
438
431
349
295
319
413
420
343
312
314
449
464
410
295
480
276
303
480
420
372
452
456
390
570
471
397
384
295
333
434
427
295
318
437
371
558
370
406
364
478
351
321
323
369
388
455
394
507
343
319
342
425
380
295
355
443
346
295
375
353
315
295
471
475
369
600
343
312
335
438
315
367
480
442
417
431
368
276
426
272
345
276
318
537
371
458
370
406
364
478
351
321
323
369
388
455
394
272
343
319
342
425
380
295
355
443
346
598
375
353
315
295
471
475
369
271
343
512
3355
1.5
0.36
30
340
50
300
1.6
0.37
32
340
320
50
1.7
0.38
35
340
320
50
1.5
0.37
38
340
320
50
1.5
0.38
40
340
320
50
4385
1.5
0.36
30
330
50
300
1.6
0.37
32
330
320
50
1.7
0.38
35
330
320
50
1.5
0.37
38
330
320
50
1.5
0.38
40
330
320
50
315
367
480
442
417
431
368
276
426
272
345
352
302
271
406
316
331
538
295
290
454
272
379
362
478
307
452
344
319
378
469
306
306
466
363
441
409
306
347
415
317
412
443
411
376
441
473
558
389
349
408
565
423
436
441
432
301
446
385
272
358
272
311
358
331
519
346
469
337
469
382
290
381
446
392
321
379
369
324
369
412
409
357
343
328
405
347
271
447
575